318999
319008
319020
319021
319027
319033
319080
319124
319126
319135
319152
319189
319208
319214
319255
319284
319285
319317
319341
319390
319469
319517
319518
319520
319595
319612
319615
319640
319641
319645
319648
319671
319673
319674
319712
319804
319838
319890
319930
319938
319945
319955
319964
319985
320042
320094
320100
320106
320145
320169
320180
320287
320347
320422
320424
320444.HEIC
320450
320460
320462
320464
320473
320482
320554
320556
320589
320609
320668
320674
320677
320702
320719
320725
320766
320776
320807
320813
320835
320875
320890
320916
320922
320929
320934
320940
320956
320963
320971
320980
320980
321018
321115
321145
321152
321157
321186
321191
321198
321199
321201
321226
321244
321269
321279
321285
321306
321310
321310
321353
321367
321445
321454
321472
321501
321509
321514
321518
321579
321599
321651
321668
321669
321671
321690
321711
321719
321726
321756
321781
321829
321838
321842
321864
321894
321918
321942
321964
321992
322007
322015
322076
322124
322302
322304
322362
322407
322429
322464
322499
322503
322553
322629
322697
322805
322809
322826
322837
322842
322848
322882
322888
322891
323121
323134
323198
323201#
323231
323271
323279
323343
323372
323407
323415
323453
323489
323583
323587
323617
323662
323663
323668
323692
323752
323787
323877
323963
323965
323966
323967
324006
324347
324362
324377
324382
324530
324537
324538
324665
324666
324674
324688
324772
324801
324947
325057
325132
325191
325272
325282
325291
325295
325296
325304
325306
325312
325330
325330
325334
325339
325344
325376
325448
325584
325654
325701
325713
325733
325930
325989
326006
326149
326180
326205
326246
326295
326497
326638
326679jpg
326713
326724
326866
326961
326970
326972
326974
326983
327091
327115
327200
327248
327270
327291
327298
327326
327329
327375
327379
327382
327397
327405
327427
327490
327493
327502
327527
327537
327593
327611
327659
327671
327678
327692
327695
327705
327736
327744
327757
327785
327880
327892
327907
327920
327923
327931
327939
327967
328036
328046
328194
328225
328358
328401
328408
328451
328484
328491
328503
328543
328574
328607
328778
328784
328787
328793
328932
328935
328977
329011
329029
329035
329051
329059
329156
329206
329249
329262
329284
329298
329299
329313
329331
329343
329349
329396
329399
329402
329416
329438
329446
329458
329475
329512
329512
329526
329543
329554
329556
329559
329569
329607
329625
329649
329656
329664
329667
329675
329688
329697
329724
329730
329787
329814
329817
329853
329854
329880
329890
329937
329941
329952
329953
329968
330018
330036
330076
330085
330095
330165
330171
330200
330207
330214
330244
330301
330310
330311
330326
330336
330345
330358
330404
330408
330411
330432
330445
330446
330473
330485
330521
330530
330538
330541
330555
330571
330585
330589
330597
330613
330614
330624
330626
330628
330636
330647
330671
330675
330688
330738
330759
330760
330761
330766
330786
330841
330924
330926
330942
330964
331083
331089
331090
331107
331121
331123
331144
331151
331153
331162
331167
331168
331184
331206
331207
331208
331211
331213
331221
331223
331243
331260
331266
331273
331287
331293
331296
331305
331314
331320
331341
331361
331361
331368
331420
331437
331472
331481
331537
331558
331567
331596
331651
331672
331686
331758
331782
331798
331810
331829
331833
331837
331878
331893
331920
331924
331956
332008
332018
332332
332431
332448
332539
332603
332665
332678
332682
332859
332969
332970
333050
333142
333197
333211
333256
333276
333308
333395
333528
333544
333559
333649
333798
333801
333816
333818
333889
333921
333950
333974
334009
334014
334071
334072
334081
334082
334090
334096
334097
334098
334100
334101
334103
334105
334111
334116
334117
334118
334123
334134
334136
334137
334138
334142
334144
334150
334151
334156
334180
334191
334193
334194
334196
334203
334209
334217
334225
334240
334246
334247
334248
334259
334260
334264
334276
334283
334288
334292
334294
334295
334299
334307
334309
334313
334314
334374
334614
334627
334633
334640
334646
334941
335009
338366
339921
358272
419422
515763
931296
3189387
3233248
332527